Tipo de Cambio / Factores de Reajuste
- 4.3 -
TIPO DE CAMBIO DÓLARES / EUROS
Últimos Cinco Meses (De OCTUBRE 2024 a FEBRERO 2025)
DÓLARES 	EUROS
OCTUBRE 	NOVIEMBRE 	DICIEMBRE 	ENERO 	FEBRERO 	OCTUBRE 	NOVIEMBRE 	DICIEMBRE 	ENERO 	FEBRERO
DÍA 	C 	V 	C 	V 	C 	V 	C 	V 	C 	V 	C 	V 	C 	V 	C 	V 	C 	V 	C 	V
1 	3.703 	3.714 	3.761 	3.775 	3.739 	3.745 	3.758 	3.77 	3.715 	3.728 	4.108 	4.431
2 	3.712 	3.718 	3.761 	3.775 	3.739 	3.745 	3.758 	3.77 	3.715 	3.728 	4.09 	4.347 	3.616 	4.321 	3.566 	4.165
3 	3.716 	3.721 	3.761 	3.775 	3.746 	3.766 	3.746 	3.759 	3.715 	3.728 	4.03 	4.377 	3.826 	4.215 	3.599 	4.077 	3.699 	4.012
4 	3.724 	3.73 	3.761 	3.775 	3.737 	3.749 	3.754 	3.76 	3.713 	3.722 	4.052 	4.339 	3.777 	4.425 	3.783 	4.253 	3.791 	4.135
5 	3.727 	3.734 	3.76 	3.774 	3.734 	3.74 	3.754 	3.76 	3.701 	3.712 	3.806 	4.41 	3.638 	4.206 	3.781 	4.169
6 	3.727 	3.734 	3.771 	3.778 	3.727 	3.735 	3.754 	3.76 	3.712 	3.72 	3.748 	4.311 	3.858 	4.298 	3.695 	4.211 	3.76 	4.162
7 	3.727 	3.734 	3.78 	3.787 	3.719 	3.727 	3.758 	3.767 	3.708 	3.715 	3.813 	4.384 	3.874 	4.117 	3.598 	4.179 	3.747 	4.136
8 	3.732 	3.744 	3.753 	3.76 	3.719 	3.727 	3.767 	3.772 	3.709 	3.718 	n.d. 	n.d. 	3.773 	4.297 	3.548 	3.956
9 	3.732 	3.744 	3.764 	3.769 	3.719 	3.727 	3.776 	3.783 	3.709 	3.718 	4.099 	4.225 	n.d. 	n.d. 	3.52 	4.242
10 	3.75 	3.76 	3.764 	3.769 	3.719 	3.727 	3.765 	3.769 	3.709 	3.718 	3.839 	4.443 	3.589 	4.275 	3.513 	4.06 	3.799 	4.16
11 	3.761 	3.767 	3.764 	3.769 	3.705 	3.718 	3.762 	3.769 	3.707 	3.719 	3.872 	4.406 	3.713 	4.367 	3.638 	4.117 	3.814 	4.126
12 	3.752 	3.759 	3.766 	3.781 	3.714 	3.722 	3.762 	3.769 	3.708 	3.714 	3.767 	4.197 	3.634 	4.131 	3.819 	4.108
13 	3.752 	3.759 	3.781 	3.788 	3.729 	3.735 	3.762 	3.769 	3.709 	3.714 	3.905 	4.37 	3.679 	4.148 	3.824 	4.273 	3.838 	4.062
14 	3.752 	3.759 	3.795 	3.8 	3.732 	3.737 	3.774 	3.785 	3.714 	3.719 	3.785 	4.254 	3.977 	4.062 	3.839 	4.182 	3.709 	4.216
15 	3.752 	3.763 	3.798 	3.805 	3.732 	3.737 	3.773 	3.778 	3.702 	3.712 	3.903 	4.341 	3.919 	4.381 	3.828 	4.242
16 	3.765 	3.77 	3.799 	3.807 	3.732 	3.737 	3.761 	3.768 	3.702 	3.712 	3.868 	4.44 	3.625 	4.2 	3.826 	4.116
17 	3.767 	3.773 	3.799 	3.807 	3.725 	3.74 	3.764 	3.769 	3.702 	3.712 	3.922 	4.345 	3.672 	4.171 	3.871 	3.908 	3.694 	4.2
18 	3.766 	3.771 	3.799 	3.807 	3.738 	3.746 	3.743 	3.752 	3.693 	3.708 	3.785 	4.374 	3.71 	4.34 	3.637 	3.943 	3.662 	4.025
19 	3.748 	3.759 	3.789 	3.799 	3.73 	3.74 	3.743 	3.752 	3.683 	3.695 	3.695 	4.148 	3.578 	4.246 	3.777 	4.097
20 	3.748 	3.759 	3.791 	3.798 	3.734 	3.743 	3.743 	3.752 	3.68 	3.69 	3.688 	4.319 	3.834 	4.222 	3.86 	4.118 	3.783 	4.074
21 	3.748 	3.759 	3.792 	3.798 	3.717 	3.731 	3.728 	3.742 	3.681 	3.687 	3.947 	4.391 	3.716 	4.157 	3.863 	4.039 	3.647 	4.09
22 	3.758 	3.767 	3.791 	3.797 	3.717 	3.731 	3.727 	3.735 	3.674 	3.683 	3.811 	4.255 	3.714 	4.317 	3.833 	4.201
23 	3.753 	3.759 	3.785 	3.798 	3.717 	3.731 	3.718 	3.724 	3.674 	3.683 	3.739 	4.129 	3.581 	4.249 	3.838 	4.176
24 	3.748 	3.757 	3.785 	3.798 	3.721 	3.735 	3.71 	3.717 	3.674 	3.683 	4.023 	4.064 	3.781 	4.195 	3.817 	4.122 	3.781 	4.088
25 	3.752 	3.757 	3.785 	3.798 	3.718 	3.731 	3.706 	3.716 	3.68 	3.689 	4.051 	4.066 	3.785 	4.178 	n.d. 	n.d. 	3.76 	4.127
26 	3.752 	3.758 	3.774 	3.783 	3.718 	3.731 	3.706 	3.716 	3.678 	3.686 	3.612 	4.242 	3.67 	4.151 	3.812 	4.071
27 	3.752 	3.758 	3.768 	3.773 	3.738 	3.748 	3.706 	3.716 	3.676 	3.681 	3.759 	4.229 	3.665 	4.124 	3.72 	4.133 	3.777 	4.078
28 	3.752 	3.758 	3.755 	3.762 	3.741 	3.75 	3.735 	3.742 	3.668 	3.674 	3.745 	4.406 	3.626 	4.244 	3.734 	3.951 	3.677 	4.051
29 	3.76 	3.775 	3.742 	3.759 	3.741 	3.75 	3.737 	3.743 	4.006 	4.36 	3.676 	4.213 	3.84 	4.223
30 	3.765 	3.772 	3.739 	3.745 	3.741 	3.75 	3.721 	3.728 	3.834 	4.345 	3.614 	4.223 	3.75 	4.175
31 	3.772 	3.776 	3.758 	3.77 	3.712 	3.72 	4.044 	4.299 	3.84 	4.188
CUADRO DE FACTORES DE REAJUSTE DERIVADOS DE LA VARIACIÓN DE PRECIOS DE TODOS LOS
ELEMENTOS QUE INTERVIENEN EN EL COSTO DE LAS OBRAS DE EDIFICACIÓN CORRESPONDIENTES
AL PERIODO DEL MES DE ENERO DEL 2025 ANEXO RESOLUCIÓN JEFATURAL N° 040-2025-INEI
Publicado en las Normas Legales de El Peruano el 21 de Febrero del 2025
AREAS
GEO-
GRÁFICAS
No.
Edificación de 1 y 2 Pisos
(Terminada)
Edificación de 1 y 2 Pisos
(Casco Vestido)
Edificación de 3 y 4 Pisos
(Terminada)
Edificación de 3 y 4 Pisos
(Casco Vestido)
M.O. 	Resto Elem. 	Total 	M.O. 	Resto Elem. 	Total 	M.O. 	Resto Elem. 	Total 	M.O. 	Resto Elem. 	Total
1 	1,0003 	1,0014 	1,0017 	1,0003 	1,0022 	1,0025 	1,0003 	1,0020 	1,0023 	1,0003 	1,0024 	1,0027
2 	1,0003 	0,9988 	0,9991 	1,0003 	0,9979 	0,9982 	1,0002 	0,9991 	0,9993 	1,0003 	0,9985 	0,9988
3 	1,0002 	1,0007 	1,0009 	1,0003 	1,0009 	1,0012 	1,0002 	1,0009 	1,0011 	1,0003 	1,0012 	1,0015
4 	1,0003 	1,0004 	1,0007 	1,0003 	1,0004 	1,0007 	1,0003 	1,0009 	1,0012 	1,0003 	1,0010 	1,0013
5 	1,0003 	1,0017 	1,0020 	1,0003 	1,0028 	1,0031 	1,0002 	1,0018 	1,0020 	1,0003 	1,0025 	1,0028
6 	1,0003 	1,0029 	1,0032 	1,0003 	1,0036 	1,0039 	1,0002 	1,0032 	1,0034 	1,0003 	1,0037 	1,0040
Fuente: BCRP
Fuente: Instituto Nacional de Estadística e Informática
ÍNDICE DE PRECIOS DE MATERIALES DE CONSTRUCCIÓN, FEBRERO 2025
ÍNDICES UNIFICADOS DE PRECIOS PARA LAS SEIS ÁREAS GEOGRÁFICAS MES DE FEBRERO DEL 2025
INEI - RESOL. JEFATURAL Nº 054-2025-INEI (PUBLICADO EL 06/03/2025)
COD 	30 	34 	39 	47 	49 	53
INDICE 	684,76 	647,28 	571,26 	763,51 	440,46 	1110,67
Nivel de desagregación Ponderación
(%)
Variación Porcentual
FEB 25 	ENE - FEB 25 	MAR 24 - FEB 25
MATERIALES DE CONSTRUCCIÓN 	100,00 	-0.31 	-0.21 	-1.32
1 Maderas 	6,04 	0,51 	0,54 	0,96
2 Tubos y Accesorios de Plásticas 	8,86 	-0,17 	-0,15 	-0,99
3 Suministros Eléctricos 	7,78 	-0,05 	-0,84 	2,30
4 Vidrios 	1,15 	-1,03 	-0,73 	-1,79
5 Ladrillos 	5,14 	0,58 	0,47 	-2,61
6 Mayólicas y Mosaicos 	7,81 	-0,13 	-0,26 	-8,85
7 Aglomerantes 	25,84 	-0,21 	-0,30 	-0,19
8 Agregados 	6,06 	-0,16 	-0,16 	0,38
9 Estructuras de Concreto y Armazones 	9,75 	0,24 	0,43 	0,16
10 Metálicos 	21,57 	-1,36 	-0,54 	-3,75