Índice de Precios
- 4.2 -
Año 	Mes
ÍNDICE DE PRECIOS AL CONSUMIDOR DE LIMA METROPOLITANA 	ÍNDICE DE PRECIOS PROMEDIO MENSUAL AL POR MAYOR A NIVEL NACIONAL
IPC
(Dic. 01=100.00)
Variación Porcentual 	IPC
(1994=100.00)
Variación Porcentual
Mensual 	Acumulada 	Mensual 	Acumulada
2023
Mayo 	111.36 	0.32 	2.67 	133.93 	-0.84 	-0.24
Junio 	111.19 	-0.15 	2.52 	132.93 	-0.75 	-0.98
Julio 	111.62 	0.39 	2.92 	132.50 	-0.33 	-1.31
Agosto 	112.04 	0.38 	3.30 	134.23 	1.31 	-0.01
Setiembre 	112.06 	0.02 	3.32 	134.41 	0.13 	0.12
Octubre 	111.70 	-0.32 	2.99 	135.07 	0.49 	0.61
Noviembre 	111.52 	-0.16 	2.82 	133.81 	-0.93 	-0.33
Diciembre 	111.97 	0.41 	3.24 	132.85 	-0.72 	-1.04
2024
Enero 	111.99 	0.02 	0.02 	131.87770. 	-0.73 	-0.73
Febrero 	112.62 	0.56 	0.58 	132.31 	0.33 	-0.40
Marzo 	113.75 	1.01 	1.59 	131.76 	-0.41 	-0.82
Abril 	113.69 	-0.05 	1.54 	131.58 	-0.13 	-0.95
Mayo 	113.59 	-0.09 	1.45 	131.31 	-0.21 	-1.16
Junio 	113.73 	0.12 	1.57 	131.30 	-0.01 	-1.17
Julio 	113.99 	0.24 	1.81 	132.12 	0.63 	-0.55
Agosto 	114,32 	0.28 	2.10 	131.72 	-0.30 	-0.85
Setiembre 	114.05 	-0.24 	1.86 	131.21 	-0.39 	-1.23
Octubre 	113.94 	-0.09 	1.76 	130.98 	-0.18 	-1.41
Noviembre 	114.05 	0.09 	1.86 	131.39 	0.32 	-1.10
Diciembre 	114.17 	0.11 	1.97 	131.01 	-0.29 	-1.38
2025 Enero 	114.07 	-0.09 	-0.09 	131.14 	0.10 	0.10
Febrero 	114.28 	0.19 	0.09 	130.68 	-0.36 	-0.26
Año 	Mes 	General 	Maderas 	Acc. de
Plástico Suministros
Eléctricos 	Vidrios 	Ladrillos 	Mayólicas y
Mosaicos
Aglomerantes
(Cemento,
Cal y Yeso) Agregados 	Estructuras
de Concreto 	Metálicos
2023
Mayo 	-0.54 	-0,54 	0,01 	0,83 	-0,93 	-1,04 	-0,87 	-0,06 	-0,19 	0,06 	-2,01
Junio 	-0.54 	-0,18 	-1,40 	-1,60 	-1,12 	-1,32 	-0,46 	-0,05 	0,33 	0,28 	-0,88
Julio 	-0.53 	-0,39 	-1,85 	-0,04 	-1,31 	-0,68 	-0,27 	0,13 	-0,08 	-0,14 	-1,23
Agosto 	0.14 	-0,61 	-0,82 	1,02 	1,80 	-1,70 	-0,98 	-0,26 	0,67 	1,92 	0,70
Setiembre 	-0.12 	-0,38 	0,06 	-0,21 	0,41 	-0,26 	-0,49 	-0,22 	0,12 	-0,08 	0,04
Octubre 	0.38 	-0,47 	0,85 	0,79 	1,54 	-0,81 	-0,24 	0,20 	-0,08 	-0,56 	1,42
Noviembre 	-0.65 	-0,71 	-0,11 	-1,24 	-0,53 	-1,30 	-0,56 	-0,04 	-0,62 	-0,20 	-1,56
Diciembre 	-0.71 	-0,52 	-1,36 	-0,35 	-0,49 	-1,33 	0,47 	-0,15 	-0,56 	0,18 	-1,96
2024
Enero 	0.84 	-0,16 	-0,40 	0,37 	-0,17 	-0,50 	-1,02 	2,40 	-0,14 	0,50 	1,20
Febrero 	0.49 	-0,73 	-0,24 	0,73 	1,10 	-0,95 	-0,26 	0,97 	-0,39 	0,00 	1,47
Marzo 	-0.42 	-0,19 	-0,56 	-0,75 	-2,65 	0,20 	0,04 	0,02 	0,16 	0,21 	-1,48
Abril 	-0.21 	-0,27 	-0,47 	0,95 	-0,68 	-0,76 	-0,83 	0,03 	0,19 	0,06 	-0,75
Mayo 	-0.26 	-0,22 	-0,44 	2,21 	0,08 	-1,01 	-1,42 	-0,15 	-0,17 	0,00 	-0,93
Junio 	0.03 	-0,02 	0,13 	1,61 	1,70 	-0,21 	-1,96 	0,04 	-0,22 	0,44 	-0,22
Julio 	0.22 	0,78 	0,20 	-0,05 	0,73 	-0,01 	-1,81 	0,10 	0,16 	0,10 	0,98
Agosto 	-0.05 	0,53 	-0,15 	-0,28 	-0,20 	-0,76 	-0,86 	-0,02 	0,67 	-0,07 	0,07
Setiembre 	-0.08 	0,14 	-0,11 	-0,70 	0,36 	-0,88 	-0,53 	0,09 	-0,06 	-0,05 	0,10
Octubre 	-0.03 	0,10 	0,14 	1,27 	-0,48 	0,72 	-0,85 	-0,03 	0,03 	-0,65 	-0,29
Noviembre 	-0.04 	-0,12 	0,34 	-0,20 	0,71 	-0,43 	-0,43 	-0,10 	-0,10 	0,03 	0,06
Diciembre 	-0.28 	-0,30 	0,08 	-0,89 	-0,59 	0,03 	-0,30 	0,11 	-0,11 	-0,34 	-0,81
2025
Enero 	0.10 	0,03 	0,02 	-0,78 	0,30 	-0,11 	-0,13 	-0,10 	0,00 	0,20 	0,84
Febrero 	-0.31 	0,51 	-0,17 	-0,05 	-1,03 	0,58 	-0,13 	-0,21 	-0,16 	0,24 	-1,36
ÍNDICE DE PRECIOS DE MATERIALES DE CONSTRUCCIÓN
(BASE DICIEMBRE 2013=100)
ÍNDICE DE PRECIOS AL CONSUMIDOR DE LIMA METROPOLITANA Y AL POR MAYOR A NIVEL NACIONAL
Fuente: INEI.